4 2 5 7
4 9 6
1 1 1
4 1 2 7 5 3 1
0
1 2 1 0
2 9 7 1
82 217 170 215 153 55 185 55 185 232 69 131 130 102
56 333 173 17O 546 14 638 130 102
183 219 57 193 94 233 202 154 65 240 97 234 100 249 186 66 90 238 168 128 177 235 50 81 185 165 217 207 88 80 112 78 135 62 228 247 211
232 161 89 177 117 212 126 247 155 197 88 217 81 207
433 110 69 100 196 150 -84 246 117 12 666
55 72 209 143 216 220 122 115 87 227 220 161 79 230 55 56 56 178 124 88 202 65 102
200 234 182 111 87 194 221 217 71 162 140 51 81 80 232 193 223 103 139 103
114 117 207 117 235 82 90 67 143 146 53 108 200 91 80 223 58 170 110 236 81 90 222 160 165 195 187 199 114 235 197 187 69 129 64 214 228 78 188 67 205 94 205 169 241 202 144 240